19
23
27
30
35
38
41
45
47
51
55
57
60
63
67
70
73
77
79
83
85
88
91
93
95
99
101
103
106
108
111
113
115
117
119
121
123
125
127
127
131
134
135
139
141
143
145
147
150
152
155
156
158
159
162
164
167
167
170
172
174
175
177
179
180
182
183
184
186
187
188
189
190
191
193
195
196
198
199
199
200
201
203
203
204
204
204
205
206
206
206
207
204
203
201
200
199
198
196
196
195
195
194
193
193
192
192
192
192
192
192
192
190
189
188
187
186
185
184
184
184
183
182
182
181
180
180
179
179
179
179
178
177
177
177
177
177
176
176
176
176
176
176
176
176
176
176
176
176
176
176
176
176
176
176
175
175
174
174
173
172
172
172
172
172
171
171
171
171
170
170
170
169
169
169
169
169
169
169
169
169
169
169
168
